400
240
66,266
30,70
119,395
240,308
343,382
34,237
107,261
355,377
114,374
286,396
235,247
139,393
173,183
208,231
362,376
302,358
309,375
312,389
278,322
304,316
29,201
89,133
258,383
353,361
284,316
55,393
338,366
198,246
62,350
120,147
201,292
187,197
46,315
106,371
252,350
259,391
231,304
169,287
121,170
244,250
155,216
385,392
13,216
151,337
168,242
103,204
219,231
154,158
144,209
247,320
64,382
146,147
251,277
366,375
157,245
189,224
225,226
379,400
80,279
83,353
202,365
137,275
288,325
306,350
93,178
297,332
265,331
104,258
205,241
63,363
97,112
77,342
218,300
290,338
294,342
26,27
175,295
206,285
197,311
14,99
248,371
33,329
260,320
273,350
156,230
267,304
152,345
31,208
185,224
72,311
79,149
181,203
367,396
45,317
20,23
371,382
300,377
327,383
41,99
384,392
227,264
230,239
95,252
373,399
377,393
233,305
241,338
191,390
303,332
324,358
69,373
133,134
222,320
145,232
263,329
17,59
129,216
19,283
125,219
136,281
194,304
162,299
108,170
24,103
345,390
166,174
128,151
211,215
364,375
212,354
261,299
50,120
40,290
61,171
289,361
49,333
356,378
193,303
282,338
344,399
178,283
224,327
11,369
42,162
70,145
274,389
322,331
266,344
387,399
102,252
301,374
188,324
48,288
298,346
262,285
134,266
269,352
254,268
253,347
47,171
358,382
341,346
349,354
271,399
183,324
370,393
57,325
332,397
74,247
53,76
27,358
335,356
239,271
109,252
58,390
6,105
3,40
174,356
234,385
200,310
87,286
352,387
71,261
342,400
94,148
52,302
186,227
36,129
51,188
389,390
92,214
337,391
307,310
238,336
196,391
375,386
143,174
213,352
105,274
2,393
323,345
161,336
4,393
116,267
236,337
293,320
54,222
390,400
59,323
365,384
299,394
32,209
130,150
138,201
348,384
292,327
277,362
215,220
23,185
223,248
276,400
142,363
209,398
28,186
321,362
207,371
229,354
177,364
369,378
123,156
1,170
199,374
314,333
115,234
250,331
272,359
99,284
243,339
68,269
117,270
