300
110
177,217
133,226
188,196
169,292
286,290
174,272
102,133
181,206
289,299
254,270
124,281
5,208
11,89
250,289
43,288
100,259
139,265
189,283
213,238
48,166
108,290
268,274
89,101
115,188
157,260
61,185
247,260
261,288
178,270
193,282
167,253
217,278
32,33
62,198
22,189
67,245
121,139
228,238
105,146
226,265
190,284
2,38
76,227
207,219
129,201
218,281
140,227
58,232
10,155
101,130
37,49
65,156
202,211
227,285
70,175
85,116
203,272
97,190
201,300
233,294
183,191
198,246
196,203
110,223
26,288
12,73
256,259
163,252
63,168
130,238
145,241
164,250
20,71
265,299
134,171
282,297
92,226
223,281
280,299
236,287
135,272
104,199
77,273
66,97
170,220
24,140
238,294
162,291
239,279
144,202
161,282
231,294
149,187
235,246
123,150
150,182
246,274
3,59
159,222
277,295
224,250
229,290
52,216
151,264
180,263
53,271
96,225
109,300
84,99
285,298
