500
-33 148
-174 783
-402 1809
-348 1566
-106 477
299 1345
248 1116
175 787
-392 1764
-38 171
139 625
111 499
339 1525
-93 418
171 769
374 1683
299 1345
-112 504
-240 1080
-458 2061
262 1179
149 670
-46 207
24 108
190 855
55 247
388 1746
74 333
-260 1170
210 945
-128 576
-269 1210
-82 369
-16 72
384 1728
-136 612
-311 1399
-259 1165
34 153
-164 738
-403 1813
-332 1494
-242 1089
-325 1462
-479 2155
404 1818
118 531
41 184
396 1782
68 306
-295 1327
333 1498
-59 265
459 2065
-353 1588
-4 36
308 1386
166 747
-141 634
-210 945
-334 1503
-126 567
241 1084
-346 1557
306 1377
-278 1251
-410 1845
-73 328
47 211
1 19
-18 81
-224 1008
343 1543
-27 121
475 2137
-65 292
284 1278
-392 1764
-421 1894
77 346
81 364
93 418
-101 454
-149 670
111 499
-359 1615
1 19
-326 1467
-412 1854
-341 1534
451 2029
-46 207
167 751
492 2214
-158 711
113 508
169 760
438 1971
278 1251
-473 2128
243 1093
390 1755
29 130
-68 306
364 1638
-299 1345
151 679
319 1435
258 1161
-38 171
205 922
-92 414
-134 603
-266 1197
454 2043
149 670
132 594
107 481
-25 112
-393 1768
-112 504
178 801
-59 265
19 85
-37 166
171 769
-39 175
77 346
465 2092
-62 279
-214 963
420 1890
169 760
-199 895
-361 1624
-436 1962
-380 1710
-67 301
-430 1935
417 1876
27 121
350 1575
-480 2160
-61 274
-378 1701
-119 535
163 733
-353 1588
82 369
210 945
396 1782
163 733
237 1066
-148 666
171 769
-248 1116
-493 2218
382 1719
389 1750
468 2106
-202 909
-217 976
33 148
-185 832
-265 1192
147 661
-9 50
-486 2187
246 1107
5 39
-384 1728
239 1075
-402 1809
375 1687
184 828
426 1917
-314 1413
338 1521
116 522
245 1102
-370 1665
-101 454
70 315
-390 1755
-149 670
391 1759
-30 135
187 841
394 1773
341 1534
144 648
410 1845
420 1890
256 1152
-326 1467
495 2227
349 1570
232 1044
-187 841
-318 1431
452 2034
449 2020
468 2106
347 1561
153 688
472 2124
287 1291
-421 1894
-435 1957
-245 1102
215 967
-246 1107
56 252
-390 1755
8 49
482 2169
-222 999
-384 1728
-406 1827
426 1917
160 720
-115 517
-160 720
444 1998
296 1332
480 2160
-286 1287
163 733
253 1138
103 463
39 175
-489 2200
-409 1840
-421 1894
204 918
8 49
236 1062
20 90
324 1458
-473 2128
184 828
259 1165
243 1093
-265 1192
-140 630
-26 117
353 1588
311 1399
225 1012
62 279
-348 1566
-405 1822
54 243
-178 801
375 1687
285 1282
73 328
4 36
85 382
-369 1660
-405 1822
166 747
260 1170
72 324
68 306
161 724
191 859
-469 2110
352 1584
-367 1651
443 1993
78 351
27 121
-251 1129
306 1377
214 963
9 50
139 625
50 225
-364 1638
-273 1228
-29 130
-386 1737
147 661
-229 1030
-15 67
325 1462
298 1341
-291 1309
-344 1548
-439 1975
453 2038
-434 1953
158 711
-207 931
336 1512
101 454
-315 1417
36 162
188 846
101 454
70 315
-202 909
199 895
-283 1273
-203 913
369 1660
-258 1161
-361 1624
262 1179
-220 990
9 50
-181 814
-204 918
496 2232
-109 490
-323 1453
109 490
313 1408
-419 1885
-64 288
-27 121
-39 175
239 1075
-496 2232
-45 202
-102 459
-395 1777
368 1656
63 283
-371 1669
371 1669
194 873
-355 1597
-360 1620
-106 477
438 1971
44 198
186 837
-174 783
-119 535
-144 648
410 1845
147 661
311 1399
-13 58
-209 940
-123 553
185 832
-226 1017
459 2065
-362 1629
-335 1507
146 657
-430 1935
-90 405
93 418
147 661
224 1008
-419 1885
161 724
89 400
-393 1768
428 1926
-47 211
-280 1260
-219 985
221 994
325 1462
-285 1282
109 490
-387 1741
-54 243
-139 625
222 999
437 1966
-495 2227
145 652
-312 1404
-374 1683
44 198
-397 1786
70 315
177 796
445 2002
-462 2079
-11 52
-173 778
24 108
86 387
-218 981
-113 508
164 738
149 670
51 229
-418 1881
-277 1246
113 508
207 931
-468 2106
-213 958
-323 1453
-389 1750
-464 2088
435 1957
-70 315
-398 1791
132 594
-469 2110
-135 607
373 1678
-461 2074
420 1890
-85 382
-336 1512
8 49
-286 1287
201 904
265 1192
333 1498
24 108
211 949
190 855
269 1210
-496 2232
-132 594
-482 2169
-454 2043
318 1431
47 211
-131 589
137 616
-279 1255
126 567
290 1305
312 1404
133 598
-48 216
-329 1480
-331 1489
-186 837
-489 2200
-469 2110
267 1201
466 2097
288 1296
405 1822
-494 2223
-408 1836
430 1935
115 517
-394 1773
-338 1521
-89 400
469 2110
248 1116
-157 706
-227 1021
-217 976
-461 2074
-428 1926
337 1516
187 841
-90 405
-19 85
-208 936
-268 1206
174 783
309 1390
-226 1017
130 585
-173 778
-257 1156
251 1129
-187 841
454 2043
-469 2110
-200 900
81 364
-204 918
457 2056
79 355
57 256
-169 760
399 1795
91 409
-52 234
-427 1921
486 2187
254 1143
137 616
143 643
477 2146
-123 553
-418 1881
135 607
-442 1989
81 364
-171 769
365 1642
