1000
-7,11 62
-3,4
31,27 72
11,10
-69,62 110
-47,42
-41,65 105
-37,58
-88,49 131
-62,35
64,6 104
52,5
46,-58 98
32,-40
30,27 71
21,19
18,-76 117
6,-27
74,-38 115
47,-24
40,33 82
14,12
-92,33 135
-14,5
35,50 89
22,32
87,-25 129
57,-16
29,22 68
12,9
-83,87 145
-79,83
-30,92 143
-28,86
86,-69 128
49,-39
-50,88 131
-33,58
-83,52 125
-55,34
-1,41 79
0,11
-27,66 106
-9,21
2,68 109
2,51
40,29 78
21,15
25,-7 62
12,-3
66,9 106
58,8
-73,36 114
-40,20
4,99 149
0,4
-68,98 142
-23,33
65,72 117
19,21
88,-28 131
80,-25
70,-76 122
27,-29
-20,26 70
-5,6
-41,42 88
-9,9
59,57 103
17,16
44,-20 82
30,-14
50,13 89
11,3
63,-30 103
55,-26
41,-12 79
18,-5
-60,89 143
-3,5
72,86 129
22,26
44,-12 82
12,-3
32,66 114
3,6
10,49 88
2,10
80,-26 122
21,-7
-80,34 122
-11,5
-14,10 60
-3,2
73,79 122
55,59
22,82 138
21,77
33,-9 84
28,-8
44,-54 93
32,-39
94,-96 144
88,-90
57,-23 96
11,-4
-98,59 142
-66,40
34,-61 101
28,-51
10,69 110
6,44
83,80 129
33,32
-63,50 103
-35,28
-24,66 106
-4,10
54,20 93
25,9
-8,68 109
-6,48
10,5 61
4,2
90,50 133
73,41
-15,45 83
-3,8
72,26 113
21,8
-32,52 91
-10,17
61,-2 101
45,-1
92,-40 135
85,-37
47,5 85
20,2
94,75 137
68,54
77,-36 118
64,-30
-58,58 103
-28,28
45,46 89
30,31
78,25 122
6,2
12,-18 72
9,-13
-15,15 61
-7,7
76,-6 117
66,-5
36,-91 134
25,-63
-37,18 74
-14,7
93,-80 136
38,-33
54,59 100
47,51
84,31 126
36,13
-96,27 139
-32,9
61,75 116
56,69
-98,42 142
-14,6
-54,35 93
-26,17
-99,86 143
-39,34
-67,86 128
-55,70
-70,50 111
-40,29
-5,81 123
-1,12
10,-46 84
4,-19
11,5 58
3,1
65,-21 105
55,-18
-95,82 138
-42,36
-4,13 57
-3,9
71,60 114
21,18
-58,8 98
-26,4
62,34 102
51,28
-69,17 118
-4,1
-74,81 123
-63,69
68,21 109
50,15
36,-10 76
6,-2
-22,33 70
-15,23
71,-18 112
12,-3
46,-42 94
41,-37
-74,7 115
-31,3
-3,60 100
0,10
79,57 121
29,21
-48,95 138
-39,77
-88,82 131
-79,74
77,-21 121
6,-2
23,-42 90
2,-4
-82,7 124
-66,6
96,99 147
55,57
40,-26 79
12,-8
9,11 58
4,5
21,-62 102
10,-30
57,-56 102
21,-21
22,-22 63
13,-13
18,0 54
6,0
12,74 115
6,34
85,32 127
10,4
80,-89 133
40,-44
97,-62 140
92,-59
92,66 135
16,11
-84,84 132
-66,66
-33,29 81
-5,4
2,74 115
1,20
67,-58 112
11,-10
28,-7 65
7,-2
14,85 127
11,65
28,-59 109
2,-4
30,60 100
17,33
59,-24 99
26,-11
-70,24 111
-10,3
-17,57 96
-3,10
19,-15 60
8,-6
-18,56 98
-2,6
38,62 102
18,29
84,-86 133
32,-33
-29,18 66
-20,12
-43,54 93
-19,24
18,-44 82
3,-8
70,49 111
26,18
-89,42 132
-24,11
-30,31 80
-6,6
55,96 139
29,50
-67,18 107
-16,4
92,4 135
12,1
-90,51 133
-46,26
-87,35 129
-80,32
83,11 125
18,2
-16,84 126
-11,59
87,86 134
61,60
-10,29 67
-7,21
66,-62 111
22,-21
-20,36 73
-12,22
-25,84 126
-15,52
-84,21 126
-42,11
78,29 120
37,14
91,42 134
31,14
90,30 133
63,21
-48,89 132
-6,11
-14,48 87
-9,30
97,54 140
15,8
10,-6 59
4,-2
66,-23 106
59,-21
52,58 98
44,49
62,-31 102
34,-17
23,83 125
11,39
14,95 147
13,91
36,58 98
22,36
20,25 67
6,8
30,29 85
26,25
41,33 79
25,20
48,92 135
31,59
-28,12 65
-10,4
81,23 123
12,3
34,-55 94
14,-22
40,91 134
12,28
-25,97 155
-24,92
-9,40 78
-6,26
46,33 87
11,8
74,16 115
8,2
37,56 107
3,4
2,39 77
1,25
84,90 137
31,33
-96,47 139
-30,15
59,-29 99
26,-13
42,63 103
21,32
37,22 74
30,18
27,9 65
15,5
-38,68 109
-22,40
72,-20 113
18,-5
-41,69 110
-36,60
-32,86 128
-27,73
6,7 61
3,3
66,49 106
50,37
-74,96 139
-17,22
62,-79 121
35,-45
-46,91 134
-30,59
93,-85 136
86,-79
-54,50 98
-25,23
51,32 91
12,8
79,78 125
58,57
60,-74 115
50,-62
-89,56 132
-76,48
23,-49 98
2,-4
-84,97 148
-5,6
66,69 126
62,65
93,-14 136
40,-6
15,-73 114
13,-64
-19,64 104
-15,50
27,-29 70
20,-21
-37,62 104
-5,9
50,-70 111
24,-33
91,-67 134
64,-47
39,34 88
7,6
45,31 83
21,14
11,40 78
2,7
80,-96 139
26,-31
51,88 131
18,31
13,-29 66
4,-9
91,-14 134
13,-2
-40,60 100
-31,47
57,-88 131
18,-28
-89,85 136
-19,18
-58,40 99
-14,10
6,97 140
4,63
-51,69 122
-3,4
-23,28 76
-6,7
-85,69 127
-37,30
57,60 113
5,5
-27,86 138
-1,3
32,-55 94
28,-48
37,-99 143
22,-60
94,74 137
71,56
11,-32 69
8,-24
82,47 124
33,19
37,20 85
3,2
34,-23 78
30,-20
27,-68 109
9,-23
9,74 115
6,48
94,-78 137
48,-40
12,27 63
7,16
23,-72 113
18,-55
82,22 124
28,8
90,-48 133
53,-28
-73,47 126
-4,3
-24,26 67
-18,20
3,22 68
0,3
-19,96 139
-7,33
-77,80 126
-60,62
83,18 125
60,13
56,45 103
6,5
69,55 114
12,10
-12,99 143
-10,82
71,-61 112
47,-40
53,27 92
30,15
36,55 94
30,46
-59,49 99
-28,23
18,-10 70
12,-7
33,-49 93
5,-8
36,-60 100
20,-34
-18,98 142
-14,75
-30,69 110
-18,41
84,24 126
43,12
98,-75 142
36,-28
46,81 123
25,44
35,-30 83
5,-4
98,16 142
46,8
66,-12 106
24,-4
12,9 63
7,5
76,-67 122
16,-14
-58,27 98
-10,5
-15,52 105
-14,47
39,7 77
19,3
45,-55 94
25,-30
-30,34 76
-15,17
3,33 84
3,28
35,-34 77
21,-20
70,58 111
50,41
-25,9 67
-17,6
-90,36 133
-54,22
79,-83 127
49,-52
29,-59 99
21,-42
76,22 117
8,2
-85,70 127
-46,38
41,-8 79
16,-3
71,65 114
33,30
68,-68 121
4,-4
-83,44 125
-47,25
68,-38 109
22,-12
99,78 143
41,32
31,67 107
11,24
58,88 133
6,9
61,60 105
41,40
73,-16 114
60,-13
-89,89 137
-64,64
40,53 93
12,16
98,93 150
93,88
15,54 95
2,6
64,81 123
28,36
-38,81 123
-27,57
82,83 131
25,25
29,-84 126
11,-33
62,-95 138
42,-64
97,85 142
36,32
-98,50 142
-67,34
44,82 124
30,55
53,-10 92
24,-5
-57,34 96
-39,23
80,43 122
39,21
43,12 81
16,4
46,-95 138
30,-61
-82,9 124
-32,4
-46,22 84
-40,19
96,-62 150
7,-5
-57,93 136
-50,81
76,65 117
64,55
1,10 49
1,6
66,50 106
60,45
21,21 62
12,12
-27,92 135
-24,82
11,40 78
6,23
16,-79 122
14,-71
22,11 73
15,8
43,72 113
24,40
83,-37 125
22,-10
60,-79 123
8,-11
8,64 109
1,5
82,-42 124
50,-26
91,1 134
14,0
43,40 85
24,22
-69,32 110
-39,18
-7,93 136
-4,47
22,34 71
17,27
20,36 73
16,29
-71,71 117
-17,17
84,90 137
29,31
57,99 143
32,56
69,91 134
64,84
96,-72 139
75,-56
41,-65 105
37,-58
-86,77 131
-33,30
11,-78 120
2,-14
44,-39 90
9,-8
44,-91 134
13,-27
99,10 143
46,5
-82,40 124
-12,6
-56,24 95
-9,4
0,95 138
0,17
52,4 91
12,1
59,94 137
33,53
86,60 128
29,20
49,-82 124
25,-41
-3,63 103
-2,37
-48,75 116
-18,28
74,-24 115
59,-19
30,-56 107
28,-52
5,24 60
3,15
-45,19 83
-18,8
84,23 126
34,9
-78,82 128
-14,15
99,-63 143
69,-44
-76,52 117
-39,27
64,23 104
17,6
-57,45 96
-33,26
82,79 128
61,59
34,82 124
30,72
-4,70 111
-3,50
8,-37 74
5,-21
-34,29 80
-28,24
27,-47 85
10,-18
15,91 134
9,52
80,-90 133
65,-73
68,0 109
23,0
95,-72 139
15,-11
-48,90 133
-15,29
95,-91 140
69,-66
-92,18 135
-46,9
26,-24 76
3,-3
45,93 146
2,4
8,-88 131
1,-12
43,-92 135
29,-61
76,86 128
58,66
7,85 127
1,9
20,78 120
6,23
56,-39 95
18,-13
17,-14 63
7,-6
-92,48 135
-31,16
77,64 118
29,24
21,-59 99
9,-26
73,11 114
29,4
-44,28 82
-33,21
44,-65 105
28,-41
31,-92 135
17,-51
-66,89 132
-21,28
-32,91 134
-4,12
-33,15 70
-20,9
-38,97 140
-31,78
-98,37 142
-85,32
-86,68 128
-66,52
-33,57 96
-6,11
30,83 125
16,45
80,-60 122
72,-54
1,64 104
1,32
-35,8 72
-12,3
23,-17 70
5,-4
-43,21 81
-13,6
36,55 94
26,39
-19,95 138
-4,22
20,37 74
12,23
88,35 131
35,14
10,-9 58
3,-3
55,-97 140
16,-28
92,-68 135
63,-47
25,-92 135
3,-12
59,-69 114
10,-12
46,-45 89
24,-23
61,37 102
11,7
66,84 126
47,60
39,-19 87
3,-1
-86,27 128
-74,23
-100,85 144
-46,39
40,24 78
22,13
-50,88 131
-12,22
22,77 118
11,37
70,-59 111
40,-34
-22,60 100
-18,49
90,-35 133
27,-10
-1,80 122
0,11
92,53 135
40,23
90,-86 135
75,-72
80,97 151
4,5
86,-45 136
6,-3
-79,92 146
-6,7
-98,37 142
-91,34
-93,78 136
-73,61
12,6 62
3,2
66,-73 115
35,-39
32,76 117
29,68
31,-98 156
29,-93
49,-39 88
40,-32
34,-67 107
8,-15
-54,29 93
-46,25
97,-35 140
54,-19
-88,99 145
-26,29
44,-98 142
30,-67
42,-26 80
13,-8
7,-81 123
3,-29
9,-91 142
8,-85
-16,73 114
-4,19
56,-14 95
36,-9
-97,90 145
-27,25
8,-34 71
5,-21
10,57 96
6,34
-93,86 140
-25,23
38,57 96
34,51
-96,47 139
-36,18
51,93 136
27,50
15,-41 79
4,-11
8,14 61
6,10
64,9 113
4,1
-60,11 100
-14,3
59,-46 100
20,-16
97,0 140
43,0
7,40 78
5,30
-56,13 95
-25,6
-11,39 77
-9,31
20,84 126
16,67
90,-20 133
54,-12
-28,73 114
-3,9
31,99 143
11,35
-29,77 118
-9,23
93,11 150
88,10
60,-96 139
38,-61
10,71 112
8,59
-61,17 101
-11,3
52,6 91
27,3
82,-84 131
52,-53
96,52 139
52,28
-95,23 138
-30,7
96,-74 139
45,-35
-47,75 127
-3,5
-50,73 114
-38,56
-55,48 94
-37,32
7,35 72
3,16
52,-36 91
28,-19
85,28 127
46,15
-3,8 55
-1,4
65,-34 105
16,-8
-19,53 92
-14,38
-77,52 118
-30,20
50,78 120
15,24
56,-56 101
17,-17
41,-36 91
4,-4
-44,81 123
-23,42
-70,81 124
-27,31
59,-35 99
33,-20
14,8 59
4,2
-17,21 67
-12,15
98,-58 142
52,-31
-8,69 110
-3,27
-15,14 60
-7,7
44,-61 106
6,-8
94,11 137
61,7
21,75 116
8,27
-30,36 74
-17,21
-24,65 107
-2,6
28,-34 73
13,-16
92,-84 136
86,-79
-64,11 104
-51,9
67,71 116
40,42
48,-18 87
12,-4
48,81 123
41,70
10,82 124
9,72
44,20 82
35,16
61,-10 105
5,-1
83,19 125
56,13
54,58 102
24,26
-87,97 140
-58,65
-13,24 71
-11,20
-24,29 70
-12,14
72,25 113
9,3
50,85 127
20,34
73,60 114
38,31
60,41 111
7,5
63,42 103
20,13
-31,96 139
-9,27
71,13 116
5,1
-80,42 122
-43,23
38,61 113
36,57
-7,65 105
-2,23
82,12 124
55,8
99,-69 143
91,-63
32,-98 151
1,-3
-37,21 78
-7,4
73,17 122
67,16
68,-16 109
48,-11
-68,92 135
-48,65
72,63 113
50,44
-10,99 143
-4,38
36,92 135
24,62
-16,94 137
-9,50
62,-4 102
7,0
-91,75 134
-34,28
45,5 83
8,1
23,67 107
7,19
82,-49 124
12,-7
-53,60 102
-21,24
81,-69 124
26,-22
48,58 102
10,12
16,-100 144
12,-76
-70,17 120
-66,16
-80,44 122
-43,24
-74,66 121
-69,62
-16,91 134
-10,55
21,-66 106
12,-38
39,-8 77
6,-1
64,-1 104
14,0
-86,29 138
-3,1
68,2 109
24,1
-14,63 103
-8,35
-13,33 70
-6,15
37,-56 96
9,-13
-71,38 112
-63,34
69,-43 110
53,-33
-76,98 142
-68,88
81,40 123
10,5
54,-81 123
42,-63
-23,19 70
-3,2
-78,74 124
-19,18
33,54 93
28,45
-28,7 65
-9,2
52,-97 140
14,-27
51,17 90
31,10
-44,49 99
-6,7
-49,37 88
-35,26
69,9 110
39,5
13,36 73
8,22
-93,88 138
-53,50
-22,86 128
-13,50
60,-38 100
44,-28
84,-82 131
42,-41
88,42 145
83,40
-97,39 150
-4,2
-34,92 135
-7,19
-71,46 112
-35,23
18,74 124
17,70
-14,61 101
-7,29
91,-33 134
26,-9
-71,48 123
-5,3
-39,51 101
-4,5
25,91 134
6,22
60,72 113
28,33
70,51 111
25,18
-48,46 96
-4,4
-77,50 118
-50,32
58,-20 98
38,-13
37,15 74
8,3
-67,77 118
-59,68
-46,92 135
-35,70
93,-100 144
85,-91
-67,74 115
-44,49
-52,88 131
-40,68
-16,98 142
-14,83
-46,67 107
-23,33
-15,63 113
-1,3
51,77 121
6,9
-99,41 143
-32,13
91,91 139
60,60
37,-44 84
14,-17
-84,96 139
-77,88
-85,45 127
-10,5
14,76 117
4,24
-5,18 56
-3,11
-83,68 125
-27,22
29,64 104
16,35
82,-23 124
55,-15
34,-79 121
3,-8
-37,96 139
-27,71
-41,25 80
-36,22
18,6 63
3,1
-86,72 128
-30,25
67,88 131
46,61
-17,59 99
-4,14
8,76 117
2,15
80,-20 122
19,-5
-17,25 73
-13,19
-7,29 66
-2,9
-88,47 131
-52,28
53,26 92
13,6
27,49 88
13,23
59,-89 132
26,-39
-71,96 139
-38,51
44,70 111
13,21
20,-96 139
11,-54
-57,64 116
-4,4
39,-74 115
27,-52
30,97 140
26,84
39,40 82
32,33
92,3 135
59,2
60,-30 101
8,-4
66,-50 112
8,-6
0,61 101
0,33
-59,98 142
-49,81
17,5 65
7,2
72,92 135
56,71
56,-29 95
15,-8
-61,13 105
-5,1
-64,28 104
-32,14
-75,18 116
-6,1
16,60 100
2,7
9,29 67
7,21
-18,67 115
-16,61
68,-76 122
16,-18
38,-68 109
10,-18
54,84 126
21,32
-51,52 96
-12,12
-44,96 139
-15,32
91,25 134
41,11
77,-80 126
38,-39
35,-42 88
30,-36
-56,65 106
-22,26
-3,30 71
-1,7
85,-29 127
42,-14
30,-49 98
2,-4
-55,41 94
-25,19
41,43 100
37,39
-13,31 70
-10,23
36,-7 73
11,-2
54,-14 93
39,-10
4,66 106
1,24
65,-91 135
9,-13
30,9 67
14,4
42,-29 80
19,-13
-93,52 136
-43,24
40,0 78
11,0
53,59 106
48,53
96,-19 139
57,-11
32,-37 79
14,-16
53,59 101
22,25
82,-2 133
4,0
55,31 94
49,28
-100,56 144
-82,46
-80,22 122
-63,17
-75,97 140
-39,50
61,65 106
54,58
34,-74 115
12,-27
60,-47 100
36,-28
-51,64 109
-10,12
97,87 143
25,22
-69,99 145
-6,9
39,24 77
28,17
81,82 128
65,66
40,-84 126
8,-16
61,-85 129
9,-12
57,-55 101
29,-28
35,-47 87
12,-16
3,58 98
0,6
7,-97 140
5,-68
7,-64 104
5,-48
34,-74 115
9,-20
-34,78 127
-3,6
-99,82 144
-22,18
94,-87 142
16,-15
91,-98 142
61,-66
-42,70 111
-35,59
49,45 92
16,15
-87,17 129
-57,11
-48,39 89
-18,15
-76,89 134
-20,23
22,-70 111
19,-62
-65,20 115
-3,1
-52,60 100
-32,37
74,-56 115
52,-39
70,-60 118
9,-8
45,-36 84
19,-15
98,-20 142
44,-9
-34,85 127
-8,19
-14,53 92
-3,13
72,-15 113
9,-2
36,7 73
18,4
-3,58 105
-3,52
-94,94 143
-13,13
84,31 126
65,24
57,-40 96
35,-25
49,-63 103
19,-25
71,51 112
59,42
56,21 95
11,4
55,77 118
37,52
17,-94 137
3,-14
-2,28 73
0,4
37,65 105
24,42
37,-96 139
26,-67
21,-50 89
11,-27
84,-51 126
71,-43
65,-42 105
25,-16
99,-11 143
55,-6
34,-36 78
22,-23
19,35 72
12,23
51,46 92
26,23
71,-95 138
34,-45
-64,53 104
-35,29
-85,92 139
-14,15
36,88 131
7,18
-91,35 134
-44,17
98,-70 142
46,-33
12,-34 71
7,-19
-7,43 81
-6,35
-43,17 81
-24,9
-16,95 138
-8,48
-8,10 66
-5,6
63,-82 124
59,-77
15,-86 138
1,-3
-27,50 89
-18,34
-10,22 69
-7,15
-24,78 120
-17,55
66,-44 106
47,-31
86,30 128
48,17
43,47 88
34,37
44,78 120
37,66
51,31 93
7,4
-60,28 100
-23,11
47,-8 85
36,-6
63,-34 103
47,-25
44,-88 143
42,-84
-18,74 115
-3,12
39,79 121
17,35
49,-11 95
43,-10
58,-56 102
52,-50
42,-31 82
13,-10
-75,42 116
-17,10
40,-18 78
13,-6
87,93 145
82,88
-8,94 137
-1,11
-63,18 103
-18,5
46,10 84
34,7
-69,96 139
-65,90
-74,70 116
-8,8
74,-92 135
42,-52
28,88 131
15,48
-87,10 129
-77,9
92,-87 137
49,-46
99,-45 143
12,-5
19,93 145
1,4
-20,73 114
-15,54
16,-17 57
9,-10
-41,83 125
-33,66
29,53 92
14,25
-71,7 112
-14,1
34,-54 93
13,-20
-2,29 76
0,3
49,41 89
22,18
8,-90 133
2,-28
80,-7 122
16,-1
44,-85 127
25,-48
57,-79 122
10,-14
-44,27 83
-10,6
-26,68 109
-21,54
95,-82 140
24,-21
-8,89 132
-4,49
24,58 98
7,18
58,-77 118
30,-40
36,-2 73
22,-1
-24,89 132
-6,24
-91,34 134
-22,8
82,-95 139
26,-30
29,-1 66
15,-1
-89,81 132
-80,73
40,-95 138
6,-14
37,42 84
10,11
66,54 106
56,46
20,65 105
8,27
-88,25 131
-73,21
1,60 100
1,53
68,92 135
28,38
-36,76 117
-9,18
79,-9 121
40,-5
-93,14 136
-41,6
-63,7 103
-11,1
52,-62 105
8,-10
87,-93 137
53,-57
10,38 76
2,9
42,-99 143
10,-24
29,22 68
11,8
-55,46 94
-32,27
-4,15 65
-2,6
85,63 127
72,53
72,23 113
26,8
-37,35 79
-17,16
44,79 121
10,18
26,76 126
25,72
79,-34 121
52,-22
-92,96 144
-18,19
95,87 143
27,25
35,5 72
9,1
61,-90 133
49,-73
78,-76 124
55,-54
58,-64 109
24,-26
21,-80 122
5,-18
60,71 112
35,42
57,-33 96
36,-21
25,42 80
22,37
-27,84 126
-23,73
-98,42 142
-64,27
62,16 102
39,10
66,70 115
30,32
52,62 102
34,40
93,19 136
20,4
76,91 134
49,59
39,-60 100
11,-17
80,-57 123
14,-10
-13,59 99
-6,25
-4,65 112
0,4
11,3 60
6,2
39,-62 114
3,-4
-35,91 142
-33,85
-96,14 139
-59,9
55,-24 94
40,-17
54,10 93
25,5
17,52 91
11,33
94,48 137
70,36
24,77 118
6,18
45,-67 107
38,-56
-96,10 139
-19,2
17,-21 67
12,-15
46,6 84
14,2
-11,41 79
-4,16
89,41 132
68,31
-53,33 92
-22,14
89,-53 137
8,-5
-58,18 98
-7,2
94,-15 137
38,-6
93,-8 136
32,-3
-81,33 123
-12,5
87,85 134
63,62
5,38 76
4,27
74,-93 137
14,-18
90,-50 133
54,-30
14,-45 83
9,-28
10,-98 142
4,-43
75,-76 122
54,-55
89,85 142
84,80
74,74 121
45,45
-51,76 117
-23,35
73,80 122
54,59
76,16 117
52,11
-100,87 144
-50,44
-81,81 137
-76,76
88,-21 131
20,-5
2,64 104
1,34
-32,85 127
-7,18
-78,92 135
-31,37
14,33 70
8,18
-34,12 80
-4,1
83,40 125
29,14
52,-39 91
42,-31
-6,36 73
-5,29
66,-83 125
42,-53
-33,25 70
-25,19
59,-9 99
37,-6
52,-60 104
11,-13
79,92 135
44,51
83,10 129
79,10
-66,88 131
-61,81
5,76 117
3,40
-74,88 135
-10,12
95,-29 138
22,-7
-74,47 126
-5,3
78,-97 140
42,-52
87,-79 129
53,-48
29,-24 71
8,-7
66,17 106
9,2
99,13 143
92,12
-93,36 136
-30,12
-78,12 120
-70,11
7,-14 68
4,-7
-49,94 137
-10,20
-53,81 123
-18,28
7,82 124
1,15
45,38 84
27,23
-92,33 135
-17,6
25,2 69
19,2
89,-91 138
24,-25
-15,29 66
-8,16
-5,87 129
-4,68
53,-23 92
16,-7
93,57 136
41,25
86,18 128
47,10
69,74 120
9,10
92,-86 136
55,-51
90,79 135
23,20
-15,53 92
-6,22
-88,44 131
-82,41
-49,78 120
-21,34
-35,20 77
-29,17
95,-33 138
72,-25
21,-40 78
11,-20
90,-24 133
29,-8
14,-98 142
10,-70
-75,12 121
-5,1
71,75 121
33,35
97,69 140
67,48
13,77 118
6,37
76,-17 122
5,-1
29,-72 113
23,-56
49,-71 112
30,-43
50,28 89
23,13
63,47 104
14,10
-83,35 133
-6,3
85,47 127
58,32
-58,96 139
-32,53
90,80 137
13,12
41,-58 98
25,-35
25,2 69
19,2
28,73 114
21,55
-56,68 109
-23,28
-70,69 115
-34,34
37,-52 91
22,-31
-21,96 139
-4,18
-67,74 120
-21,23
-27,22 68
-11,9
-96,7 139
-47,3
-31,51 90
-14,23
25,-15 69
6,-4
49,95 138
5,10
-41,7 87
-35,6
98,0 142
68,0
20,-55 94
8,-22
-70,50 113
-9,6
31,5 68
21,3
61,-28 101
30,-14
35,-44 82
26,-33
30,-72 113
15,-36
-31,60 100
-24,47
14,74 115
11,57
58,-39 98
14,-9
-22,77 118
-13,44
22,39 82
5,8
34,-88 131
9,-22
-10,20 67
-7,15
67,-41 107
57,-35
97,92 145
36,34
65,20 105
34,10
-63,91 134
-12,17
-28,8 66
-20,6
-66,9 106
-51,7
16,64 104
12,46
-80,48 123
-11,7
63,84 126
57,76
31,64 104
20,42
-29,42 82
-6,9
-25,33 71
-11,15
-80,50 122
-71,44
19,-54 93
15,-43
9,-57 104
0,-3
93,-45 136
15,-7
91,96 144
42,44
