500
-407,-189 429
181,31 203
227,-492 514
196,105 218
190,-23 212
-269,262 291
240,159 262
65,-471 493
358,-21 380
112,449 471
13,-136 158
6,-67 89
-354,-58 376
-379,430 452
-173,-314 336
418,324 440
-166,474 496
162,-140 184
-360,433 455
331,-92 353
-367,-25 389
-165,-350 372
-383,487 509
-25,7 47
-171,-378 400
488,-283 510
287,91 309
-30,492 514
145,-66 167
-52,-114 136
-469,-374 491
-50,-112 134
289,-283 311
52,-459 481
-201,441 463
418,154 440
-250,-398 420
173,173 195
-134,98 156
-398,-132 420
-152,-360 382
429,174 451
169,-220 242
405,-24 427
-175,-207 229
96,266 288
209,95 231
127,-364 386
158,404 426
-301,-119 323
348,184 370
-68,498 520
254,65 276
72,-56 94
-312,172 334
327,70 349
124,-134 156
-20,26 48
-277,159 299
442,-6 464
459,-343 481
113,327 349
-198,-356 378
-20,-71 93
450,213 472
-180,-337 359
370,-310 392
-159,-412 434
-30,140 162
489,265 511
-328,286 350
123,-356 378
388,355 410
-430,342 452
432,-334 454
-217,410 432
249,367 389
-320,174 342
220,-480 502
434,96 456
186,10 208
470,-327 492
79,187 209
22,-118 140
-398,-167 420
191,-99 213
444,-254 466
-216,144 238
170,94 192
-496,17 518
-143,177 199
-339,-87 361
-464,-98 486
459,-489 511
-459,147 481
132,-404 426
-272,149 294
-366,339 388
198,210 232
69,145 167
194,-450 472
483,80 505
119,-221 243
-85,-463 485
-350,84 372
-224,466 488
327,-346 368
-180,-62 202
-408,-332 430
273,-417 439
-279,210 301
-395,-115 417
-110,-150 172
382,-15 404
445,-497 519
272,26 294
-112,-232 254
252,70 274
461,198 483
-253,292 314
-40,-24 62
247,205 269
-10,-478 500
331,-106 353
-125,365 387
-23,-195 217
77,-236 258
-306,142 328
-142,-499 521
445,-154 467
168,-122 190
25,199 221
12,-18 40
-422,-70 444
-92,385 407
-185,464 486
-233,-499 521
-324,-406 428
-437,154 459
127,236 258
309,200 331
-398,-50 420
-437,218 459
26,93 115
320,-14 342
-146,459 481
173,284 306
-169,71 191
304,427 449
-471,461 493
-325,72 347
-98,-358 380
123,-54 145
-165,227 249
168,-52 190
-499,486 521
0,333 355
-314,47 336
-70,-350 372
158,-6 180
-469,124 491
-491,-205 513
-319,309 341
410,-446 468
-164,-389 411
405,-215 427
-135,-221 243
-8,-469 491
103,-495 517
82,240 262
396,-187 418
109,271 293
60,338 360
-58,8 80
371,62 393
-166,228 250
131,-183 205
-21,-278 300
135,-271 293
-28,-244 266
-14,-274 296
-319,-59 341
-8,-296 318
-18,-443 465
-132,221 243
29,-164 186
-410,-437 459
378,233 400
148,182 204
-85,471 493
382,344 404
-154,158 180
458,126 480
406,339 428
1,-274 296
207,-96 229
197,260 282
407,-481 503
-276,-321 343
457,-13 479
-448,495 517
133,-38 155
354,-88 376
482,258 504
-274,-67 296
477,-421 499
-240,423 445
358,357 380
122,-205 227
318,7 340
-85,-104 126
-101,355 377
-360,374 396
221,409 431
-189,-103 211
221,-62 243
79,-264 286
-462,372 484
305,257 327
-256,-282 304
422,-222 444
-153,18 175
200,363 385
212,-326 348
359,285 381
-368,50 390
280,111 302
-335,297 357
138,412 434
-308,66 330
-13,-484 506
-116,-325 347
-433,-371 455
280,-198 302
-126,-215 237
267,142 289
430,428 452
-407,-262 429
414,-315 436
-460,28 482
-259,-94 281
-170,60 192
-300,259 322
-24,74 96
-270,-176 292
452,-417 474
257,338 360
19,-215 237
-478,-418 500
456,-47 478
-362,-338 384
-458,84 480
-86,370 392
371,-382 404
-423,-243 445
454,257 476
418,-244 440
293,-130 315
-351,-385 407
100,3 122
-289,42 311
48,159 181
-227,346 368
-277,143 299
152,-430 452
-369,-247 391
455,96 477
-273,333 355
-182,-326 348
-308,4 330
-327,349 371
162,-490 512
51,467 489
-482,-42 504
313,-365 387
475,483 505
11,478 500
-496,164 518
-16,-316 338
262,87 284
286,-117 308
-10,229 251
341,-475 497
-462,-134 484
338,-481 503
4,340 362
180,436 458
-271,-11 293
355,175 377
284,139 306
-484,-179 506
-327,-322 349
429,-298 451
491,-358 513
458,-310 480
430,-200 452
-448,289 470
-456,-49 478
340,-233 362
-440,-414 462
-152,-365 387
-103,-346 368
-148,410 432
-206,-57 228
-334,177 356
36,184 206
-202,52 224
458,-146 480
462,-231 484
-157,423 445
-317,-191 339
-386,95 408
-104,326 348
121,-364 386
258,-75 280
-47,187 209
-380,25 402
90,-196 218
135,30 157
-171,387 409
-159,233 255
-238,48 260
492,426 514
-49,-209 231
-218,-32 240
-28,412 434
-247,-270 292
0,281 303
-377,84 399
192,171 214
195,169 217
234,145 256
296,240 318
-109,-435 457
-401,143 423
375,-103 397
34,-209 231
-160,-429 451
314,381 403
-401,-75 423
446,233 468
-292,-326 348
216,-351 373
-163,-144 185
-249,-198 271
-361,-308 383
84,490 512
-162,-96 184
447,-3 469
-341,371 393
83,324 346
356,242 378
-137,11 159
-56,-280 302
37,-178 200
73,-173 195
9,-21 43
162,-332 354
-247,472 494
380,371 402
386,163 408
195,-432 454
-237,-234 259
-241,69 263
18,168 190
-314,170 336
-284,-226 306
6,7 28
370,66 392
249,-433 455
-274,96 296
439,62 461
-479,410 501
153,359 381
-246,491 513
181,-107 203
-285,399 421
-27,-282 304
-254,250 276
-214,-294 316
-244,-56 266
332,451 473
432,-431 454
-27,108 130
-321,478 500
233,6 255
383,-140 405
126,-385 407
311,56 333
-180,-377 399
-249,383 405
116,-303 325
-446,-334 468
269,-191 291
-307,-14 329
366,-385 407
327,14 349
181,64 203
-237,27 259
171,191 213
-37,-138 160
50,110 132
-286,450 472
130,287 309
361,327 383
-109,-467 489
-169,348 370
-61,-361 383
-166,380 402
-155,-169 191
-23,11 45
-360,-30 382
-320,-296 342
-292,51 314
88,-168 190
1,199 221
-387,-29 409
-284,-309 331
-414,270 436
-485,-85 507
173,199 221
167,-443 465
160,260 282
-178,-143 200
-88,-465 487
370,-482 504
311,-315 337
-256,-58 278
40,-353 375
206,-103 228
-79,-65 101
-248,-51 270
469,230 491
350,181 372
-23,28 50
214,-285 307
469,-137 491
257,-340 362
-406,173 428
86,-380 402
-368,-255 390
-57,437 459
101,225 247
-306,474 496
-224,-446 468
-400,177 422
-80,-406 428
-13,11 35
-232,155 254
-409,-410 432
282,47 304
30,237 259
-380,315 402
-166,-223 245
15,27 49
-68,-110 132
-191,-326 348
21,354 376
339,94 361
322,-15 344
412,27 434
175,223 245
128,456 478
-318,22 340
-495,-110 517
-48,-226 248
-273,-353 375
51,376 398
226,-363 385
3,422 444
93,381 403
496,-100 518
-477,280 499
-459,283 481
18,440 462
256,-155 278
-147,469 491
55,-304 326
-412,499 521
387,388 410
-229,-329 351
-461,64 483
162,389 411
453,227 475
448,-364 470
-345,319 367
-59,-151 173
-17,418 440
-210,429 451
233,-449 471
222,436 458
140,117 162
-218,192 240
382,298 404
196,-30 218
-331,479 501
-116,-376 398
-116,-302 324
325,357 379
246,-319 341
