1000
-7,11 126
-3,4
31,27 144
11,10
-69,62 212
-47,42
-41,65 204
-37,58
-88,49 250
-62,35
64,6 202
52,5
46,-58 190
32,-40
30,27 142
21,19
18,-76 226
6,-27
74,-38 222
47,-24
40,33 162
14,12
-92,33 258
-14,5
35,50 174
22,32
87,-25 248
57,-16
29,22 136
12,9
-83,87 276
-79,83
-30,92 272
-28,86
86,-69 246
49,-39
-50,88 250
-33,58
-83,52 240
-55,34
-1,41 156
0,11
-27,66 206
-9,21
2,68 210
2,51
40,29 154
21,15
25,-7 126
12,-3
66,9 206
58,8
-73,36 220
-40,20
4,99 284
0,4
-68,98 270
-23,33
65,72 226
19,21
88,-28 250
80,-25
70,-76 234
27,-29
-20,26 140
-5,6
-41,42 172
-9,9
59,57 200
17,16
44,-20 162
30,-14
50,13 174
11,3
63,-30 200
55,-26
41,-12 156
18,-5
-60,89 272
-3,5
72,86 248
22,26
44,-12 162
12,-3
32,66 220
3,6
10,49 172
2,10
80,-26 234
21,-7
-80,34 234
-11,5
-14,10 122
-3,2
73,79 234
55,59
22,82 264
21,77
33,-9 166
28,-8
44,-54 182
32,-39
94,-96 274
88,-90
57,-23 188
11,-4
-98,59 270
-66,40
34,-61 196
28,-51
10,69 212
6,44
83,80 248
33,32
-63,50 200
-35,28
-24,66 206
-4,10
54,20 182
25,9
-8,68 210
-6,48
10,5 124
4,2
90,50 254
73,41
-15,45 164
-3,8
72,26 218
21,8
-32,52 178
-10,17
61,-2 196
45,-1
92,-40 258
85,-37
47,5 168
20,2
94,75 262
68,54
77,-36 228
64,-30
-58,58 200
-28,28
45,46 174
30,31
78,25 234
6,2
12,-18 144
9,-13
-15,15 124
-7,7
76,-6 226
66,-5
36,-91 256
25,-63
-37,18 148
-14,7
93,-80 260
38,-33
54,59 194
47,51
84,31 242
36,13
-96,27 266
-32,9
61,75 224
56,69
-98,42 270
-14,6
-54,35 182
-26,17
-99,86 272
-39,34
-67,86 246
-55,70
-70,50 214
-40,29
-5,81 236
-1,12
10,-46 166
4,-19
11,5 118
3,1
65,-21 204
55,-18
-95,82 264
-42,36
-4,13 116
-3,9
71,60 220
21,18
-58,8 190
-26,4
62,34 198
51,28
-69,17 228
-4,1
-74,81 236
-63,69
68,21 210
50,15
36,-10 150
6,-2
-22,33 140
-15,23
71,-18 216
12,-3
46,-42 184
41,-37
-74,7 222
-31,3
-3,60 194
0,10
79,57 232
29,21
-48,95 264
-39,77
-88,82 250
-79,74
77,-21 232
6,-2
23,-42 176
2,-4
-82,7 238
-66,6
96,99 280
55,57
40,-26 156
12,-8
9,11 118
4,5
21,-62 198
10,-30
57,-56 198
21,-21
22,-22 128
13,-13
18,0 110
6,0
12,74 222
6,34
85,32 244
10,4
80,-89 254
40,-44
97,-62 268
92,-59
92,66 258
16,11
-84,84 252
-66,66
-33,29 160
-5,4
2,74 222
1,20
67,-58 216
11,-10
28,-7 130
7,-2
14,85 244
11,65
28,-59 210
2,-4
30,60 194
17,33
59,-24 192
26,-11
-70,24 214
-10,3
-17,57 188
-3,10
19,-15 122
8,-6
-18,56 190
-2,6
38,62 198
18,29
84,-86 254
32,-33
-29,18 132
-20,12
-43,54 182
-19,24
18,-44 162
3,-8
70,49 214
26,18
-89,42 252
-24,11
-30,31 158
-6,6
55,96 266
29,50
-67,18 208
-16,4
92,4 258
12,1
-90,51 254
-46,26
-87,35 248
-80,32
83,11 240
18,2
-16,84 242
-11,59
87,86 256
61,60
-10,29 134
-7,21
66,-62 214
22,-21
-20,36 146
-12,22
-25,84 242
-15,52
-84,21 242
-42,11
78,29 230
37,14
91,42 256
31,14
90,30 254
63,21
-48,89 252
-6,11
-14,48 170
-9,30
97,54 268
15,8
10,-6 120
4,-2
66,-23 206
59,-21
52,58 190
44,49
62,-31 198
34,-17
23,83 240
11,39
14,95 280
13,91
36,58 190
22,36
20,25 134
6,8
30,29 168
26,25
41,33 156
25,20
48,92 258
31,59
-28,12 130
-10,4
81,23 236
12,3
34,-55 184
14,-22
40,91 256
12,28
-25,97 294
-24,92
-9,40 154
-6,26
46,33 170
11,8
74,16 222
8,2
37,56 208
3,4
2,39 152
1,25
84,90 262
31,33
-96,47 266
-30,15
59,-29 192
26,-13
42,63 200
21,32
37,22 148
30,18
27,9 130
15,5
-38,68 210
-22,40
72,-20 218
18,-5
-41,69 212
-36,60
-32,86 246
-27,73
6,7 124
3,3
66,49 206
50,37
-74,96 266
-17,22
62,-79 232
35,-45
-46,91 256
-30,59
93,-85 260
86,-79
-54,50 190
-25,23
51,32 178
12,8
79,78 240
58,57
60,-74 222
50,-62
-89,56 252
-76,48
23,-49 190
2,-4
-84,97 282
-5,6
66,69 242
62,65
93,-14 260
40,-6
15,-73 220
13,-64
-19,64 202
-15,50
27,-29 140
20,-21
-37,62 202
-5,9
50,-70 214
24,-33
91,-67 256
64,-47
39,34 172
7,6
45,31 164
21,14
11,40 154
2,7
80,-96 266
26,-31
51,88 250
18,31
13,-29 132
4,-9
91,-14 256
13,-2
-40,60 194
-31,47
57,-88 250
18,-28
-89,85 260
-19,18
-58,40 192
-14,10
6,97 268
4,63
-51,69 234
-3,4
-23,28 150
-6,7
-85,69 244
-37,30
57,60 218
5,5
-27,86 264
-1,3
32,-55 184
28,-48
37,-99 272
22,-60
94,74 262
71,56
11,-32 138
8,-24
82,47 238
33,19
37,20 168
3,2
34,-23 154
30,-20
27,-68 210
9,-23
9,74 222
6,48
94,-78 262
48,-40
12,27 128
7,16
23,-72 218
18,-55
82,22 238
28,8
90,-48 254
53,-28
-73,47 242
-4,3
-24,26 134
-18,20
3,22 136
0,3
-19,96 266
-7,33
-77,80 242
-60,62
83,18 240
60,13
56,45 200
6,5
69,55 220
12,10
-12,99 272
-10,82
71,-61 216
47,-40
53,27 180
30,15
36,55 184
30,46
-59,49 192
-28,23
18,-10 140
12,-7
33,-49 182
5,-8
36,-60 194
20,-34
-18,98 270
-14,75
-30,69 212
-18,41
84,24 242
43,12
98,-75 270
36,-28
46,81 236
25,44
35,-30 164
5,-4
98,16 270
46,8
66,-12 206
24,-4
12,9 128
7,5
76,-67 234
16,-14
-58,27 190
-10,5
-15,52 204
-14,47
39,7 152
19,3
45,-55 184
25,-30
-30,34 150
-15,17
3,33 166
3,28
35,-34 152
21,-20
70,58 214
50,41
-25,9 134
-17,6
-90,36 254
-54,22
79,-83 244
49,-52
29,-59 192
21,-42
76,22 226
8,2
-85,70 244
-46,38
41,-8 156
16,-3
71,65 220
33,30
68,-68 232
4,-4
-83,44 240
-47,25
68,-38 210
22,-12
99,78 272
41,32
31,67 208
11,24
58,88 254
6,9
61,60 204
41,40
73,-16 220
60,-13
-89,89 262
-64,64
40,53 182
12,16
98,93 286
93,88
15,54 186
2,6
64,81 236
28,36
-38,81 236
-27,57
82,83 250
25,25
29,-84 242
11,-33
62,-95 264
42,-64
97,85 270
36,32
-98,50 270
-67,34
44,82 238
30,55
53,-10 180
24,-5
-57,34 188
-39,23
80,43 234
39,21
43,12 160
16,4
46,-95 264
30,-61
-82,9 238
-32,4
-46,22 166
-40,19
96,-62 286
7,-5
-57,93 260
-50,81
76,65 226
64,55
1,10 102
1,6
66,50 206
60,45
21,21 126
12,12
-27,92 258
-24,82
11,40 154
6,23
16,-79 234
14,-71
22,11 146
15,8
43,72 218
24,40
83,-37 240
22,-10
60,-79 236
8,-11
8,64 210
1,5
82,-42 238
50,-26
91,1 256
14,0
43,40 168
24,22
-69,32 212
-39,18
-7,93 260
-4,47
22,34 142
17,27
20,36 146
16,29
-71,71 226
-17,17
84,90 262
29,31
57,99 272
32,56
69,91 256
64,84
96,-72 266
75,-56
41,-65 204
37,-58
-86,77 250
-33,30
11,-78 230
2,-14
44,-39 176
9,-8
44,-91 256
13,-27
99,10 272
46,5
-82,40 238
-12,6
-56,24 186
-9,4
0,95 264
0,17
52,4 178
12,1
59,94 262
33,53
86,60 246
29,20
49,-82 238
25,-41
-3,63 200
-2,37
-48,75 224
-18,28
74,-24 222
59,-19
30,-56 208
28,-52
5,24 122
3,15
-45,19 164
-18,8
84,23 242
34,9
-78,82 246
-14,15
99,-63 272
69,-44
-76,52 226
-39,27
64,23 202
17,6
-57,45 188
-33,26
82,79 246
61,59
34,82 238
30,72
-4,70 214
-3,50
8,-37 148
5,-21
-34,29 158
-28,24
27,-47 168
10,-18
15,91 256
9,52
80,-90 254
65,-73
68,0 210
23,0
95,-72 266
15,-11
-48,90 254
-15,29
95,-91 268
69,-66
-92,18 258
-46,9
26,-24 150
3,-3
45,93 278
2,4
8,-88 250
1,-12
43,-92 258
29,-61
76,86 246
58,66
7,85 244
1,9
20,78 230
6,23
56,-39 186
18,-13
17,-14 128
7,-6
-92,48 258
-31,16
77,64 228
29,24
21,-59 192
9,-26
73,11 220
29,4
-44,28 162
-33,21
44,-65 204
28,-41
31,-92 258
17,-51
-66,89 252
-21,28
-32,91 256
-4,12
-33,15 140
-20,9
-38,97 268
-31,78
-98,37 270
-85,32
-86,68 246
-66,52
-33,57 188
-6,11
30,83 240
16,45
80,-60 234
72,-54
1,64 202
1,32
-35,8 144
-12,3
23,-17 140
5,-4
-43,21 160
-13,6
36,55 184
26,39
-19,95 264
-4,22
20,37 148
12,23
88,35 250
35,14
10,-9 118
3,-3
55,-97 268
16,-28
92,-68 258
63,-47
25,-92 258
3,-12
59,-69 220
10,-12
46,-45 174
24,-23
61,37 198
11,7
66,84 242
47,60
39,-19 170
3,-1
-86,27 246
-74,23
-100,85 274
-46,39
40,24 154
22,13
-50,88 250
-12,22
22,77 228
11,37
70,-59 214
40,-34
-22,60 194
-18,49
90,-35 254
27,-10
-1,80 234
0,11
92,53 258
40,23
90,-86 258
75,-72
80,97 288
4,5
86,-45 260
6,-3
-79,92 278
-6,7
-98,37 270
-91,34
-93,78 260
-73,61
12,6 126
3,2
66,-73 222
35,-39
32,76 226
29,68
31,-98 296
29,-93
49,-39 172
40,-32
34,-67 208
8,-15
-54,29 182
-46,25
97,-35 268
54,-19
-88,99 276
-26,29
44,-98 270
30,-67
42,-26 158
13,-8
7,-81 236
3,-29
9,-91 270
8,-85
-16,73 220
-4,19
56,-14 186
36,-9
-97,90 276
-27,25
8,-34 142
5,-21
10,57 188
6,34
-93,86 268
-25,23
38,57 188
34,51
-96,47 266
-36,18
51,93 260
27,50
15,-41 156
4,-11
8,14 124
6,10
64,9 218
4,1
-60,11 194
-14,3
59,-46 194
20,-16
97,0 268
43,0
7,40 154
5,30
-56,13 186
-25,6
-11,39 152
-9,31
20,84 242
16,67
90,-20 254
54,-12
-28,73 220
-3,9
31,99 272
11,35
-29,77 228
-9,23
93,11 286
88,10
60,-96 266
38,-61
10,71 216
8,59
-61,17 196
-11,3
52,6 178
27,3
82,-84 250
52,-53
96,52 266
52,28
-95,23 264
-30,7
96,-74 266
45,-35
-47,75 244
-3,5
-50,73 220
-38,56
-55,48 184
-37,32
7,35 144
3,16
52,-36 178
28,-19
85,28 244
46,15
-3,8 112
-1,4
65,-34 204
16,-8
-19,53 180
-14,38
-77,52 228
-30,20
50,78 230
15,24
56,-56 196
17,-17
41,-36 178
4,-4
-44,81 236
-23,42
-70,81 238
-27,31
59,-35 192
33,-20
14,8 120
4,2
-17,21 134
-12,15
98,-58 270
52,-31
-8,69 212
-3,27
-15,14 122
-7,7
44,-61 206
6,-8
94,11 262
61,7
21,75 224
8,27
-30,36 148
-17,21
-24,65 208
-2,6
28,-34 146
13,-16
92,-84 260
86,-79
-64,11 202
-51,9
67,71 224
40,42
48,-18 170
12,-4
48,81 236
41,70
10,82 238
9,72
44,20 162
35,16
61,-10 204
5,-1
83,19 240
56,13
54,58 198
24,26
-87,97 268
-58,65
-13,24 142
-11,20
-24,29 140
-12,14
72,25 218
9,3
50,85 244
20,34
73,60 220
38,31
60,41 214
7,5
63,42 200
20,13
-31,96 266
-9,27
71,13 224
5,1
-80,42 234
-43,23
38,61 218
36,57
-7,65 204
-2,23
82,12 238
55,8
99,-69 272
91,-63
32,-98 288
1,-3
-37,21 154
-7,4
73,17 234
67,16
68,-16 210
48,-11
-68,92 258
-48,65
72,63 218
50,44
-10,99 272
-4,38
36,92 258
24,62
-16,94 262
-9,50
62,-4 198
7,0
-91,75 256
-34,28
45,5 164
8,1
23,67 208
7,19
82,-49 238
12,-7
-53,60 198
-21,24
81,-69 238
26,-22
48,58 198
10,12
16,-100 274
12,-76
-70,17 230
-66,16
-80,44 234
-43,24
-74,66 232
-69,62
-16,91 256
-10,55
21,-66 206
12,-38
39,-8 152
6,-1
64,-1 202
14,0
-86,29 264
-3,1
68,2 210
24,1
-14,63 200
-8,35
-13,33 140
-6,15
37,-56 188
9,-13
-71,38 216
-63,34
69,-43 212
53,-33
-76,98 270
-68,88
81,40 236
10,5
54,-81 236
42,-63
-23,19 140
-3,2
-78,74 238
-19,18
33,54 182
28,45
-28,7 130
-9,2
52,-97 268
14,-27
51,17 176
31,10
-44,49 192
-6,7
-49,37 172
-35,26
69,9 212
39,5
13,36 146
8,22
-93,88 264
-53,50
-22,86 246
-13,50
60,-38 194
44,-28
84,-82 250
42,-41
88,42 276
83,40
-97,39 286
-4,2
-34,92 258
-7,19
-71,46 216
-35,23
18,74 238
17,70
-14,61 196
-7,29
91,-33 256
26,-9
-71,48 236
-5,3
-39,51 196
-4,5
25,91 256
6,22
60,72 218
28,33
70,51 214
25,18
-48,46 188
-4,4
-77,50 228
-50,32
58,-20 190
38,-13
37,15 148
8,3
-67,77 228
-59,68
-46,92 258
-35,70
93,-100 274
85,-91
-67,74 222
-44,49
-52,88 250
-40,68
-16,98 270
-14,83
-46,67 208
-23,33
-15,63 218
-1,3
51,77 232
6,9
-99,41 272
-32,13
91,91 266
60,60
37,-44 166
14,-17
-84,96 266
-77,88
-85,45 244
-10,5
14,76 226
4,24
-5,18 114
-3,11
-83,68 240
-27,22
29,64 202
16,35
82,-23 238
55,-15
34,-79 232
3,-8
-37,96 266
-27,71
-41,25 158
-36,22
18,6 128
3,1
-86,72 246
-30,25
67,88 250
46,61
-17,59 192
-4,14
8,76 226
2,15
80,-20 234
19,-5
-17,25 146
-13,19
-7,29 132
-2,9
-88,47 250
-52,28
53,26 180
13,6
27,49 172
13,23
59,-89 252
26,-39
-71,96 266
-38,51
44,70 214
13,21
20,-96 266
11,-54
-57,64 224
-4,4
39,-74 222
27,-52
30,97 268
26,84
39,40 162
32,33
92,3 258
59,2
60,-30 196
8,-4
66,-50 216
8,-6
0,61 196
0,33
-59,98 270
-49,81
17,5 130
7,2
72,92 258
56,71
56,-29 186
15,-8
-61,13 204
-5,1
-64,28 202
-32,14
-75,18 224
-6,1
16,60 194
2,7
9,29 134
7,21
-18,67 222
-16,61
68,-76 234
16,-18
38,-68 210
10,-18
54,84 242
21,32
-51,52 188
-12,12
-44,96 266
-15,32
91,25 256
41,11
77,-80 242
38,-39
35,-42 172
30,-36
-56,65 206
-22,26
-3,30 142
-1,7
85,-29 244
42,-14
30,-49 190
2,-4
-55,41 184
-25,19
41,43 194
37,39
-13,31 140
-10,23
36,-7 146
11,-2
54,-14 182
39,-10
4,66 206
1,24
65,-91 258
9,-13
30,9 134
14,4
42,-29 158
19,-13
-93,52 260
-43,24
40,0 154
11,0
53,59 206
48,53
96,-19 266
57,-11
32,-37 156
14,-16
53,59 196
22,25
82,-2 254
4,0
55,31 184
49,28
-100,56 274
-82,46
-80,22 234
-63,17
-75,97 268
-39,50
61,65 206
54,58
34,-74 222
12,-27
60,-47 194
36,-28
-51,64 210
-10,12
97,87 272
25,22
-69,99 276
-6,9
39,24 152
28,17
81,82 246
65,66
40,-84 242
8,-16
61,-85 248
9,-12
57,-55 196
29,-28
35,-47 170
12,-16
3,58 190
0,6
7,-97 268
5,-68
7,-64 202
5,-48
34,-74 222
9,-20
-34,78 244
-3,6
-99,82 274
-22,18
94,-87 270
16,-15
91,-98 270
61,-66
-42,70 214
-35,59
49,45 180
16,15
-87,17 248
-57,11
-48,39 174
-18,15
-76,89 256
-20,23
22,-70 214
19,-62
-65,20 222
-3,1
-52,60 194
-32,37
74,-56 222
52,-39
70,-60 228
9,-8
45,-36 166
19,-15
98,-20 270
44,-9
-34,85 244
-8,19
-14,53 180
-3,13
72,-15 218
9,-2
36,7 146
18,4
-3,58 204
-3,52
-94,94 272
-13,13
84,31 242
65,24
57,-40 188
35,-25
49,-63 200
19,-25
71,51 216
59,42
56,21 186
11,4
55,77 228
37,52
17,-94 262
3,-14
-2,28 146
0,4
37,65 204
24,42
37,-96 266
26,-67
21,-50 174
11,-27
84,-51 242
71,-43
65,-42 204
25,-16
99,-11 272
55,-6
34,-36 154
22,-23
19,35 144
12,23
51,46 180
26,23
71,-95 264
34,-45
-64,53 202
-35,29
-85,92 266
-14,15
36,88 250
7,18
-91,35 256
-44,17
98,-70 270
46,-33
12,-34 142
7,-19
-7,43 160
-6,35
-43,17 160
-24,9
-16,95 264
-8,48
-8,10 132
-5,6
63,-82 238
59,-77
15,-86 264
1,-3
-27,50 174
-18,34
-10,22 138
-7,15
-24,78 230
-17,55
66,-44 206
47,-31
86,30 246
48,17
43,47 172
34,37
44,78 230
37,66
51,31 182
7,4
-60,28 194
-23,11
47,-8 168
36,-6
63,-34 200
47,-25
44,-88 272
42,-84
-18,74 222
-3,12
39,79 232
17,35
49,-11 186
43,-10
58,-56 198
52,-50
42,-31 162
13,-10
-75,42 224
-17,10
40,-18 154
13,-6
87,93 276
82,88
-8,94 262
-1,11
-63,18 200
-18,5
46,10 166
34,7
-69,96 266
-65,90
-74,70 224
-8,8
74,-92 258
42,-52
28,88 250
15,48
-87,10 248
-77,9
92,-87 262
49,-46
99,-45 272
12,-5
19,93 276
1,4
-20,73 220
-15,54
16,-17 116
9,-10
-41,83 240
-33,66
29,53 180
14,25
-71,7 216
-14,1
34,-54 182
13,-20
-2,29 150
0,3
49,41 174
22,18
8,-90 254
2,-28
80,-7 234
16,-1
44,-85 244
25,-48
57,-79 234
10,-14
-44,27 164
-10,6
-26,68 210
-21,54
95,-82 268
24,-21
-8,89 252
-4,49
24,58 190
7,18
58,-77 228
30,-40
36,-2 146
22,-1
-24,89 252
-6,24
-91,34 256
-22,8
82,-95 266
26,-30
29,-1 132
15,-1
-89,81 252
-80,73
40,-95 264
6,-14
37,42 166
10,11
66,54 206
56,46
20,65 204
8,27
-88,25 250
-73,21
1,60 194
1,53
68,92 258
28,38
-36,76 226
-9,18
79,-9 232
40,-5
-93,14 260
-41,6
-63,7 200
-11,1
52,-62 204
8,-10
87,-93 262
53,-57
10,38 150
2,9
42,-99 272
10,-24
29,22 136
11,8
-55,46 184
-32,27
-4,15 130
-2,6
85,63 244
72,53
72,23 218
26,8
-37,35 156
-17,16
44,79 232
10,18
26,76 242
25,72
79,-34 232
52,-22
-92,96 274
-18,19
95,87 272
27,25
35,5 144
9,1
61,-90 254
49,-73
78,-76 238
55,-54
58,-64 210
24,-26
21,-80 234
5,-18
60,71 216
35,42
57,-33 188
36,-21
25,42 158
22,37
-27,84 242
-23,73
-98,42 270
-64,27
62,16 198
39,10
66,70 222
30,32
52,62 198
34,40
93,19 260
20,4
76,91 256
49,59
39,-60 194
11,-17
80,-57 236
14,-10
-13,59 192
-6,25
-4,65 216
0,4
11,3 122
6,2
39,-62 220
3,-4
-35,91 270
-33,85
-96,14 266
-59,9
55,-24 184
40,-17
54,10 182
25,5
17,52 178
11,33
94,48 262
70,36
24,77 228
6,18
45,-67 208
38,-56
-96,10 266
-19,2
17,-21 134
12,-15
46,6 166
14,2
-11,41 156
-4,16
89,41 252
68,31
-53,33 180
-22,14
89,-53 262
8,-5
-58,18 190
-7,2
94,-15 262
38,-6
93,-8 260
32,-3
-81,33 236
-12,5
87,85 256
63,62
5,38 150
4,27
74,-93 262
14,-18
90,-50 254
54,-30
14,-45 164
9,-28
10,-98 270
4,-43
75,-76 234
54,-55
89,85 270
84,80
74,74 232
45,45
-51,76 226
-23,35
73,80 234
54,59
76,16 226
52,11
-100,87 274
-50,44
-81,81 262
-76,76
88,-21 250
20,-5
2,64 202
1,34
-32,85 244
-7,18
-78,92 258
-31,37
14,33 140
8,18
-34,12 158
-4,1
83,40 240
29,14
52,-39 178
42,-31
-6,36 146
-5,29
66,-83 240
42,-53
-33,25 140
-25,19
59,-9 192
37,-6
52,-60 202
11,-13
79,92 258
44,51
83,10 248
79,10
-66,88 250
-61,81
5,76 226
3,40
-74,88 258
-10,12
95,-29 264
22,-7
-74,47 242
-5,3
78,-97 268
42,-52
87,-79 248
53,-48
29,-24 142
8,-7
66,17 206
9,2
99,13 272
92,12
-93,36 260
-30,12
-78,12 230
-70,11
7,-14 136
4,-7
-49,94 262
-10,20
-53,81 236
-18,28
7,82 238
1,15
45,38 166
27,23
-92,33 258
-17,6
25,2 138
19,2
89,-91 264
24,-25
-15,29 132
-8,16
-5,87 248
-4,68
53,-23 180
16,-7
93,57 260
41,25
86,18 246
47,10
69,74 230
9,10
92,-86 260
55,-51
90,79 258
23,20
-15,53 180
-6,22
-88,44 250
-82,41
-49,78 230
-21,34
-35,20 152
-29,17
95,-33 264
72,-25
21,-40 154
11,-20
90,-24 254
29,-8
14,-98 270
10,-70
-75,12 232
-5,1
71,75 232
33,35
97,69 268
67,48
13,77 228
6,37
76,-17 234
5,-1
29,-72 218
23,-56
49,-71 216
30,-43
50,28 174
23,13
63,47 202
14,10
-83,35 254
-6,3
85,47 244
58,32
-58,96 266
-32,53
90,80 262
13,12
41,-58 190
25,-35
25,2 138
19,2
28,73 220
21,55
-56,68 210
-23,28
-70,69 222
-34,34
37,-52 178
22,-31
-21,96 266
-4,18
-67,74 230
-21,23
-27,22 136
-11,9
-96,7 266
-47,3
-31,51 176
-14,23
25,-15 138
6,-4
49,95 264
5,10
-41,7 170
-35,6
98,0 270
68,0
20,-55 184
8,-22
-70,50 218
-9,6
31,5 136
21,3
61,-28 196
30,-14
35,-44 162
26,-33
30,-72 218
15,-36
-31,60 194
-24,47
14,74 222
11,57
58,-39 190
14,-9
-22,77 228
-13,44
22,39 162
5,8
34,-88 250
9,-22
-10,20 134
-7,15
67,-41 208
57,-35
97,92 276
36,34
65,20 204
34,10
-63,91 256
-12,17
-28,8 132
-20,6
-66,9 206
-51,7
16,64 202
12,46
-80,48 236
-11,7
63,84 242
57,76
31,64 202
20,42
-29,42 162
-6,9
-25,33 142
-11,15
-80,50 234
-71,44
19,-54 182
15,-43
9,-57 202
0,-3
93,-45 260
15,-7
91,96 274
42,44
